neon mun(

8888608880 886. 886. 880. 848878. 888618, 8680861 88 867.
410. 697. 698. 866. 861088868,8088- 88110868 rex Pelonine 88
088068. 88101868 IV dux Pelen. 608.
8888118188. 449. 8868808 468.
888618 uxor Frideriei Ι 1866. 614. Bovo 1800. 0880. 87. 88. 84. 68.
8808 878. Bovo 11 800. corb. 84. 88.
Belum 68868 86. Boeo 111 800. 0880. 86. 69.
8. Benedicti 1881888 v. 11668 0881668 Bovo 6888688818061 181.
8868018168 VII 6868 416. 888881 22.
Benedictus 0111686888. 8886086068886888 866. wikerus, Ale-
8868018168 [X 686868. 89. niue.
Beneventum, Beneventani 8. 86. 888868,8886818, Bremeneen 48. 101.
8866808818860 681. 870. 871. 888018661181881868, 868
88668 Π 86. 08680868. 697. garine, Rimberlnn, 0061868168, He
Bernrdingenne 8886 678. gerne, Unni, Adnlbertne Π, 8881·
8888688868 800. 8. 0868866108οά 618681.
687. 8881188868 681.
Beningerivallln 666. 8886186818 80088 498.
8886068068 668880. 8. 01868668 646. Bnuneebereh monn 167. 168. 189.
648. 668. 668. 668. 666. 670. 88668 86. 8110880866. 684. 687.
8886068068 86.Ρ80880886.116.117. 8866 86. Veniensis 68.
118. 168. 187. 198. 198. 886. 888. 88668861118618688. 89.
834. 846. 861. 808. 896. 808. 811. 88668 ebbae 08 0118888118 646.
886. esi-389. 891. 898. 406. 486. 88668 6888688. 0880. 60. 61. 888.
684. 680. 681. 644 670. 696. 88668 68886881186186818 818.
8886088068 86. 8810888181. 86. 86868688 88818818 107.
8886088068 8681108808168 146. 809. 86888 8611886881. 112. 848. 818.
881. 861. 899. 86888 86. 8810888181. 40.
8886088068 800. 0188888811. 68160. Bullio 186.
886. 877. 401. 661. Buno mininterielin 0880. 878. 874.
8886088068 nex 11. 7. 8. 86880886 848.
8886088168 8618808618. 87. 8688088068 86. 88886116 68. 478.
88818 6818888681161 de vilingen 647. 8688888068 8681818086818 860. 686.
8881886811, 8818811811 681. 8688068068, homo Bertolli 1v 06818
8881081068 86. 1166068886818686. 606. 08 zeringen 616.
8881181068 800118808886818 848. de Bnrgilin 80088 899.
8188181168, 8881606811 dux 08 Zerin· 868866018 614 680.
886 889. 614 616. 86181118 607. 608.
8881881168 eum 88808 647. (l. 80088 81168188 Gnevenkerkeneie
Benelinun 0811116886 647. 149. 860.
81866118 604. 0808608818 166.
8118881686 481. 08180818 88.
811668 601. 08188 806.
88008 eomes 604. camaldulenses 678. ·
880811. 889. Camerini 38.
8808606886 168. Campania 91.
Jml, 8180868881. 40

 

