Α

693 5555551 5555555

369. 371-339. 396-499. 499. 493. 3515551555 I 5555155. 0515551555 41
495. 415. 416. 495. 439. 431. 433- 351555515555 555151551155551. 35. 8.
435. 449. 450. 459. 455. 465. 469. 3515551555 55. 11555515555515 519. 534.
473. 479. 431-491. 493-495. 499. 593.

593. 519. 511. 513. 599. 596. 598. 3515555555 sbb. corb. 79.

534-533. 549. 545-547. 559. 553. 3515551555 abb. 3. 6555755551 HM*
Enssbii 51515515 555155155655 973. heim. 919. 911. 931. 959. 951 919
3551555155 139. 134 195. 159. 3515551555 5555555. S. Georgii coin,
Evsrnsndus mon. 95515. 994 5755155 5551551551. 453.
examitum, 5555511555 455. 559. 3115551555 55155 9559. 695.

3. 5555555 Goion. 481. 3515551555 1 imp. (III dux 3555155)
3155155 65515551 5555555111 355555- 993. 499. 599-597. 599. 519-516

515 346. 599. 537-539. 545-559. 553 553.
355155 51155 553. 561. 565. 563-574. 577. 579 5ὥ
35515555 5555. 574. 583. 599. 599. 594. 595. fisi-ssa
7575515 1155555933. 694. 697. 693
315555 55. 5155151555. 39. 3515551555 fil. 0555551 ΠΙ regis 364
3755555 979. 3515551555 55 315515, 1 dux Suesia
17555515 49. 547.

375511555555515 557555 Η. 147. 143. 3515551555 Π dux Saevino 59. 547.

55 37151555 abbas 959. 3515551555 11 55 355555555555, ssu.
3755555515, 3757555555, 37515555 55- 557. 35555155 559. 569. 561.

51511555 364. 366. 363. 3515551555 55155 3515551551 55 Bm
Florsfisnsis abb. 429. 439. 496. 493. 547.

cf. 6551555555. fridericus 55 Bursn 547.

Florentius 555. 55 3515555555 974. 3515551555 55155555 mensuramus
Florinensis, 3755155515 abbas 496. 493. 45.

3575555555 55. 3555575555. 37. 3515551555 5555551555 4155555555
3575555551559555. 35. 68. 71. 79. 79. 944.

3515515553575551555, 3575515555, Volo· Frithsriens 5551155 974.

winus, Wolnninus 55 3557555555 44. 3515555515 59.

45. 56. 166. 163. 169. 199. 333. 436. 3511551551 43.

516. 517. 599. 545. 595. 3115555155 5755. 7751515555. 493
35715555 599. 593. 351515 97.

3. 3555555555 55. 51 abbas 7751515· 3555555515 559115.

555. 439. vita 99-101. 35555555 691.
formata 55151575 949. 35755, 755155 5555, 3575155555 35. 45.
35551555 5. 7551155155. 54154 153. 159. 161-169 174.
3551555555 333. 137. 139. 196. 197. 996. 911. 915-
3555515, 3555551397. 365. 999. 954. 964. 999. 345. 357. 379-
355555 ministerialis Stsbulsnsis 131. 374373. 539.

139. 35555555 5155. 3. Dionysii 4.

355555 395. 396. 593. 61. 5551155 194
315515555551, 3555155555555 51-53. 365111 5555. 35.
55. 53. 69. 111. 133. 137. 191. 949. Gallis 494.
309319313391. 399. 499. 499594. Gallis Belgio· 191. 539.

 

