.—

688 5151111 5115511

751555555,1“51555555 epp. 81511, Bern- 77515155555 555. 8. Binis 1751511151
huius, Τ51511551115, Burmannus. 70.
veressus 555.(15515555. 81. 7755555551 regnum 8.
Vietor IV suiipsps 803. v. 0555115 7755515555 581.
nus. Gusiius, Guelfo,w01i0‚wdphovm
S. 7151511555 18. 229. 845. 852. 858. 864 add-m
7155555888. 514.
wirdunensis 55515515 111 wellin 99. 188. 480.
71551115,71551511,71515155 enen. 55-58, 775155555115 48.
107. 113. 114. 118. 118. 194145. werbense 5555604
147-150. 801. 802. 807. 811. 818. 775115 vilis 48.
821. 7711115155 242.
7155155, 71551115 242. 587. 7751555155 5515555555 575588587.
71151555 280. 938. 264. 775155115,7751551·55 55115555511515
8. Vitus 8-26. 88. 42-44. 59. 468. 228. 908. 885. 887. 891. 405 459.
55515515 0515. 42, (15515572. wernerus 555415515515515. lm.
Volewinus v. 1515111555. wernherus 5558515. 70.
7515551155, 85151155555155551115- wernerus, wernherus prsepes lin·
dens. 509. 518. 584. dens. 404 408. 488. 487. 510.
7511551155 sp. Mindens.· 84. wernherus, 55515 8511511117 51151155
weleiodorum 55511. 5. Lsod 74. 418 zeringen 515.
-422 457. 458. 494-498. 501. 775155 5515511115 274
807. 7755115115 484.
7755515555 581. 775551589.
walderus 515555. 11155555. 588. 584. wibaldus, 771551555, 7715551511, Gni-
77515 555. 0515. 87. 70. baldus 555. 05515, 815551, eoru
wslo ep. Hsvsiberg. 586. 49 sq. 74 sq.
77515 55555051515115555, 1151515551· 77555555555515156.
551511 555. 0515. 5511115559. 10. 7715555555555.(11555515,555111551515
1918. 1151555515. 476. use—usi. 574 576
waltarius presb. Eresburg. 298. -579, 582-584 588. 604. 805
7751151115 555. 8. Laurentii Leod. 595. 7715515 55115 158. ¹
596. 600. wideradus 555. 7515555. 40.
7711115155 5155555051551555. 517. widikindus 555. (ieri). 605.
7711115155 prior 0515. 103. 104.114. widukini 5155. (1515, 55115151 1151.
198. 128. 227. 948. 256. 841. 451. gest 85155. 88.
walterus 55555. 0515111555. 472. 481. widikindus 55 8555555155 274. 888
8151115155 55555. 8. 05155515 dolen. 487. 518. 517. 522. 545. 578 595.
walterus de 1151555 198. (15155 5555151158. Ρ5155115555 578
walterus 5577515551 429. 77155, (15155 dise 5515 88. com
wulteran numerarius (1515175177. 5105151551555551151555555115114.
waltherus dapifer 514. 117. 198-125. 132. 140. lis 145
waltherdus 555551555155 156. 188. 195. 198. 958. 268-268. 288
werinus 555. 0515. et 8555555555 804. 818. 814. 818. 876. 877.
12-17. 38. 67. 4151555155 5558115155 15 puden

 

