636 mm 11111

kothem 1111111815. 41. 8111111111 155011ω 81 91.
81111111 11. 8115111111. 122. septem-saion 19.

81111111 1551111111111. 498. seyne 11111111 511.
,111111111111115., 1111.(111511111.111- 8111111 31. 91. 811. 416 549.

11111 49. 8131111111 1111111511. 312
8111511111 11111511 42. sifridus 155111115111111111 514515
flodulfus 11 8111151115 549. 81111111 eom. pal. 42.

81111111, 11111111111111111155111· 8111111 1111111111111511111 214

1111. 158. 161. 189. 215. 813111111181111111 1111111111111148
85111111 11181111.. Siculus 81. 85. 91. 252-255.

92. 228. 229. 389-385. 848. 884. sigifridus 111111 31.

385. 369. 811. 401. 408. 546. 8131111111 eomes 42.

81311111 11 Ariana 409. 8131111111 1111181111111 colbo 514. ’
85511 153. sigehardus 1111. 11 81111 41.
1111111111 11118. 111111 546. Sigerus 82.

81111111 155. 1111111111 514 Signia 489. 484 488-488. 491 514
8511111401. 535. 591. 538.

Roth ep. 2111155111. 89. 81111111 604.

1151111111 11111111. 1111111. 42. 8111111111 pap· 542.

1111111111 155. (1115. post Η111111- 81111111111118115111111 104.

densis 39. 40. 10. symonides 280.

8515115111 402. sixtus procurator 81111111 334 481.
Rasin, 1111111, Rana 43. 61. 245. 8115 111 eom. 11 8111115113 299.

8115111111 Saravi 43. 44. Socrates 280.
11 Rupe 1111111.Ηοί111111. 81151111 280.
11111111 155. 11111111. 16. 11. 111111.
11111111 601. Spin 849. 352. 364. 452. 503. 521
8.]11181151111111 201. 680. ep. 8111111111.
8111111 castellum, 8111111111 554 81111511 96.
551. stabulaus, 8151111111 51. 61. 1415
8111 (sarh) 603. 11. 103 111.
salzburgensis 1111111511111111. statio: prooemio 244.
Saraceni, 8111111181. 228. 8115111111111111111411-421499
8111151 1550115. 40. 10. 495. 491. 501. 551. 600.
Saxones, 8111111 4. 6. 1 111. 8515111111 155. 8. 1111511111995
81111115111111145. Stephanus mon. professus S. Remigii
8111111111 abbas 338. 11111111. 201.
8511511 35. stratagematon 328.
11 81111111 turris 11511111 481. 81111111 Duorum 481.
811111, slavi 35-31. 42. 43. 61. 245. suevia, 81111162. 181.
461. 81111111 villae 158. sclavica suidgerus 1111111539 1101111111
expeditio 245. papa„
Semipensos 81111 49. Summam 20.
8111115111 56. sunzo 11111111. Rogant 84
Senatus populusque 81111111 932. 8115115111 158.
811111 194. 321. 11 benefieiis 194 Sutrium, Sutria 39. 238. 518 514.

 

