630 mnu 55555

1155555155 prandium 172. 1151551555 11 555. Goth. 43 49. 71
nmmos pnodium 172. 113. 115. 117. 201-204. 212. m
11555515 villa 430. 247.

1155555555, 1155555155 ep. 1151551. 222. Η51551555555115551515555 51 runa
297. 452. 159175215-222212. 299. 372

Hartgotus 581. Η51551555 prior corb. 451. 459. 460

liutwardus 151155515581. Ι466. 492. 531.

1155551555, 45515551 archiep. Bre- 8555555 mom 315551 123. m 137.
mens. 265. 266. 270. 305. 337. 372. 269. 239. 429. 439. 441. 444, 446
976. 334. 398. 399. 467. 476. 480. 1151551555 I rex 35. 603.

483. 485. 535. 553. 580. 561. 1151551555 Π rex 37. 38.
1155551555 praepositus Hnmburgmois Heinrious 111 imp. 38 39. 40.
ι 266. 269. 271. Η5155555 lv imp. 40-42. 502. 537.
1155555515 131. 1151555555 V 555. 41-43.

115515515555 coen„ 1155555155555 416. 1151551555 Romanorum 555, filius 0oe
418-422. 457. 458. 494-498. 501. radi 111 rogis 58. 59. 111. m. 121.

11555555 5555. 232. 144153-155.161-163.169-171.

1151555555 5515155555. 9. 180. 182. 187. 190. 305. 316. m

Hathemarus 55515151 45. 345. 352. 357. 360. 364-369.

1155515 11. 263. Η51551555 11 rex Angl. 594.

1155515555 340. epp. 45551555, 77515. 1151551555 magister, 0555511 111, Ηώ·

8. Heimerod mon. 37. , 5511515551155355 55155155 161.

11515555Η515555551. 278. 164. 302. 320. 322. 325. 971. 372.

Heinrich 55551551155655553. 41. 375. 378. 403. 472. 478 479. 481.

Η51551555155551551153551. 144190. 483, 505. 506. 512. 522.

191. 252. 253. 298. 312. 341. 337. 35155555 Superbus dux er. 81.
436. 456. 459. 483. 486. 1151551555 Leo, Enrioua dux Suom

Η51551555 Π 5515551. 130. 134. 137. et 3555555 56. 102. 107146 229.
138. 151. 172. 131. 136. 234. 309. 369. 376. 416. 449. 469. 438. 514.
406. 420. 423. 426-431. 454. 455. 595. 599.

459. 462. 465. 484 485. 497. 498. Η5155555 Pinguis 5555, nmio 116
519. 554. 558. 595. 607. 608. 5155 41.
Η51551555 ep. 14151555. 157. 226. 258. Η5551555 marchio 8155155515 43.
290. 291. 301. 303. 307. 308. 310. Η51551555515 45555555 45.
311. 318. 326. 375. 385. 389-398. 1151551555 1535151715 156.
403. 404. 407. 414. 424. 432. 433. 1151551555 eom. de 05155 459.
435. 437. 489. 508. 512. 518. 532- Η51551555 Rufus (15 oronim 329.
534. Heinrious com. 55 1555553 599.

Η5155555 ep. Horaviensium (01555 Η51551555 551155555555 273.
oensis) 378. Η51551555 555511555555515 et Lm·

1151551555 ep. 11555555. 336. 337. 535. lemburg. 130. 131. 160. 176 181.

Heinrious 1 555. corb. 45. 48. 49. 56. 182. 426-428. 490. 465. 485.

72. 98. 112. 115. 117118128. Η51551555 15111155... 273.

158. 203. 204. 209-215. 230-233. Η5551555 eom. (1511555, 5515555155 su.
239. 240. 242. 244-257. 274. 490. 551. 99. 130. 176. mmmmm.
493. 431.

 

