πωπω mamm 616

Numeri Numeri Numeri Numeri Numeri

uuu- m.
ιἰιίιιιιιί Mna&

106 126 149 183 193 267
106 127 160 162 194 241
107 128 161 188 196 242
108 129 162 161 196 196
109 131 163 169 197 196
110 130 164 170
111 132 166 171
112 89 166 172
113 160 167 173
114 138 168 174
116 139 169 176
116 140 160 176
117 136 161 177
118 136 162 179
119 137 163 180
120 148 164 186
121 178 166 184
122 97 166 136
123 141 167 187
124 142 168 188
126 143 169 181
126 149 170 182
127 144 171 139
128 146 172 191
129 133 173 190

ΕΞ
ε
[ἔ
ι
ιῖ

ἓξὲξ

ἒὲἓὲἓὲἕὲἕὲἓὲἒὲἓέἓ

ἓὲἓὲἕὲἕὲἓὲἕὲἕὲἕέἓὲἕ·

Ξ

ae

130 134 174 192
131 160 176 193
, 132 161 176 194
133 162 177 197

ἓξὲξ

ιφ
3¹0

134 163 178 227
136 164 179 228
136 166 180 229

{mm mm
mm mm mm

mm mm 271290¹
ΜΨ mm mm

ἓ

ἕὲἕὲἓὲἓέἕέ
ἓξ

ἓ
ἕ

274 293
276 296
276 328

142 169 186 234
143 79 187 237
144 164 188 243 292 219

141 168 186 233 273 292

146 166 189 244 233 319 277 302
146 166 190 246 234 220 278 297
147 167 . 191 298 236 221 279 299
148 163 192 240 236 266 280 298

 

