111111 mun 995

S. 91111 1111 Goion. 470. 599. linianum 491.

911111 1111. Η1111111311111 996. 492. 91111111111111511111119115. 279274.
S. Petri (11 Rota 1111. 572. 9111111911 111111 <io 1111111565.
Petrus 1115111. 911111. 955. 9111111111 5111131111 IV 1111. Bu·
Ρ11111115111151111111. 1111111111.

Petrus 9111. 9111111111 89. 99. 97. 92. 1111111111 1111111.171111151111., pout

99. 111511191111. 926. 927. 991.
211111 rex 013. 99. 7111111111 (1711111111111) 15511 cui·
Ρ11111511111, Petri 511111 999-995. 111191-99. 96.

Ρ511111. 65. 1111111111(9111111111111)155119111-
Philippus up. 01115113. 987. 991. 405. 11119697. ·

459. 519. 574 576-579. 592-597. 9111511111 do 7111111131 975. 999.
Pippinus 1114614. 7111151191111119111111171111111142.
Pippinus 1117111. 7. 711115. eanonicus 1711151111. 122.
Pisae, Pisunun populun 79. 477. 9111511911 ep. 1711115113. 476
21531111 290. 5111511111 155111115111111177. 195.
mm mmmmmm
Polonin, Poloni 195. 904. 990. 949. 945. 1111151111 1111111711115113. 129128.

957. 599. 601. Polemios expeditio 49. 249. 259-258,

11111111 991. 1111151111 de Ρ1111 279.

Poppo II 155. 9115111111. 99. 557. 7111151 locun 61.

Poppo 91951151151115 102. 122. S. 7111111111 299. 296. 297.

Poppo 1111711511 1111511151476. Remi 157-162. 169. 190. 199. 191.
111111 901. 602. 219. 225. 226. 245. 929. 976.
7911311111 epp. Τ511911311, Daniel. 1151111, 9111111. 112. 590. 595.
Presbyter ep. 1111111111 947. 7115511111, 1111511111 1911111111 911·
7111111111 514 densis 156. 157. 495. 581.
9111911111 15511 512. 1111511111 1111117111. virdun 160.
911111 691. 1111111111 111111 228.

Publius 9111111 290. do 7111511511311111111111 v. 911111·
Puteolana 1111111 91. dun.

nummatis 1. wormacia. 1111511111 ux. 1111111 11 11311 91111111
0111111115113 49. 814. 915. 529.

9111551111 de institutione oratoria 71111111 11115111 un 51151111 ΙΠ imp.

294. 99. 92. 99. 99.

1111111111 229. 9111511111 archiep. 91111111. 27. 94
1³. 111111111119115. 299. Rinthorp 414.

71151111 279. 1115111111111117115111. 499. 510.
7115111 1551711511115111111. (171111- 111511111,711111511911111191151111111

5111111111) 979. 102. 104. 109. 199. 195. 199. 200.
1111511111 11311111111711111111111111. 227. 259. 999. 991. 999. 429. 499.

(1171111115 14 1517. 440. 442. 445.

7111115111 94. 41. 990. 996. 408. 449. 91511111 1111.771111111111111,11111111

452. 477. 479. ep. 1111111111. 11111 9. 7111111111 99. 191.
9131151111 1111111. 9. 1711111 11 7115111111 17111591.

monio 497. 499. 459. 5115511111 11151117413111. 99

 

