616 13134131 8818884414

Numeri ¹ Numeri Ι Numeri 11311811

m· hb· 144418- 14414·-
hinni Humi unt* muni flat

330 338 Ι 41 444

381 481 Ι 418 443

388 438 413 441

414 444

415 448

413 438

413 444

381 383 418 448
388 348
383 348
384 344
383 333

ἓὲἕὲἕὲἓὲἓὲ
ἒὲἓὲξὲἓὲἕέ

370 391
371 395
372 457
373 458
374 468
375 396
376 405
377 397
378 382
379 898

421453
422455
423486
424481
425462
426463
427437
428438
429434
430439
431440
432465
433469
434470
435466
436467
437438
438436
439454
440460
441464

 

