612

Ep. 1611 161.

132 84

133 99

134 69

135 281-29

136 29-291

137 90

138 86-67

⁸ 139 871
140 871

141 871

142 88
143 871-88

144 sev-30
145 69

146 16-161
147 87

148 491-60
149 88-881
150 891-471
151 471-491
152 60-601

153 601

154 161-1611

601

155 61-611
156 611-62

157 92

158 621

159 521-58
160 841

161 601-611
162 601

163 69-691
164 681

165 691-641
166 541-65
167 56-59
lfflssw
169 611

170 611-62
171 62

172 621

173 68-681
174 681

175 661

wmffln mmm

Ep. 1611161.
176 681-64
177 64-641
178 16
179 641
180 641-66
181 691
182 691
183 60
184 66

185 vav-w ’

186 66
187 661
188 661
189 661-66
190 661
191 66
192 661
199 67
194 67
195 69
196 691
197 67
198 78
199 691
200 691-70
201 76-701
202 701-71

· 20371

204 801
205 711
206 711-72
207 72
208 72-721
209 721
210 791
211 vav-74
212 74
219 74
214 741-76
215 76
216 761
217 76
218 76
219 841-86
220 86

Ep. 6011161.
221 861-86
223 78
224 80
225 80-601
226 78-781
227 671
228 671

229 671
230 761-77

231 71-18
232 77
233 781
234 79
235 791
236 791
237 791-66
238 68
239 68-681
240 661
241 661
242 69
243 81-811
244 811
245 811
246 82
247 91
248 82
260 821-69
251 88
252 881
253 891-84
254 84
255 841
256 66
257 66-861
258 861
259 871-88
260 88-881
261 881-69
262 89-891

263 891 ·

264 891-90
265 96
266 96-961
267 111

Bp. ¹coel. 111.
268 911
269 92
270 92
271 92
272 921
273 98
274 ⁹1
275 911
276 927
277 98
278 96-961
279 981

313 1061-164

 

